 1402682.277422
 1402682.514990
 1402682.749572
 1402682.987610
 1402683.222471
 1402683.452955
 1402683.685839
 1402683.920249
 1402684.153271
 1402684.392906
 1402684.622393
 1402684.860416
 1402685.102234
 1402685.332523
 1402685.561928
 1402685.800579
 1402686.038467
 1402686.276569
 1402686.508724
 1402686.739591
 1402686.982932
 1402687.220974
 1402687.456968
 1402687.700650
 1402687.939514
 1402688.178362
 1402688.425708
 1402688.666082
 1402688.906473
 1402689.146410
 1402689.388485
 1402689.628557
 1402689.870709
 1402690.119699
 1402690.366606
 1402690.606233
 1402690.844666
 1402691.089125
 1402691.325878
 1402691.568592
 1402691.823333
 1402692.076317
 1402692.315125
 1402692.560370
 1402692.810766
 1402693.063379
 1402693.309159
 1402693.563199
 1402693.803695
 1402694.056590
 1402694.306042
 1402694.562656
 1402694.814716
 1402695.072083
 1402695.325987
 1402695.591206
 1402695.837337
 1402696.085734
 1402696.343562
 1402696.603543
 1402696.851716
 1402697.113122
 1402697.365550
 1402697.626820
 1402697.875892
 1402698.138669
 1402698.392046
 1402698.651536
 1402698.915761
 1402699.170665
 1402699.429489
 1402699.694332
 1402699.947002
 1402700.213379
 1402700.479754
 1402700.738094
 1402701.007848
 1402701.270319
 1402701.538190
 1402701.804582
 1402702.068760
 1402702.340391
 1402702.593949
 1402702.873331
 1402703.136284
 1402703.404736
 1402703.671856
 1402703.940418
 1402704.211068
 1402704.476352
 1402704.748789
 1402705.014984
 1402705.288887
 1402705.573721
 1402705.844763
 1402706.123831
 1402706.404632
 1402706.671291
 1402706.962609
 1402707.236030
 1402707.515906
 1402707.786607
 1402708.067268
 1402708.339705
 1402708.620431
 1402708.903025
 1402709.185946
 1402709.467647
 1402709.744722
 1402710.023058
 1402710.306569
 1402710.585811
 1402710.873368
 1402711.149411
 1402711.428347
 1402711.720582
 1402712.066826
 1402712.093066
 1402712.819541
 1402713.582400
 1402714.497679
 1402715.709611
 1402717.350034
 1402719.453892
 1402720.715841
 1402722.266964
 1402723.579357
 1402724.944609
 1402726.871887
 1402728.819212
 1402730.747220
 1402732.042979
 1402733.007824
 1402734.269808
 1402735.642795
 1402736.969316
 1402738.432030
 1402740.329817
 1402742.159531
 1402743.570021
 1402744.730332
 1402745.178546
 1402746.348744
 1402748.236604
 1402749.603077
 1402750.666330
 1402752.578567
 1402754.149356
 1402755.694304
 1402756.736801
 1402757.821776
 1402758.693489
