#THREADS	TIME	NB_FLUSHES	NB_WRITES	COMMITS	ABORTS
1	55.934463	51832801	54132656	4194304	0
1	3.613252	262146	262142	4	15682	69	5328	10077	41398	14467040870	1.118602e-02	0.000000e+00	0.000000e+00	0	0	1.026637
1	2.052860	262146	262142	4	16482	46	5999	10166	41576	5900457110	1.152251e-02	0.000000e+00	0.000000e+00	0	0	0.736990
1	1.999527	262146	262142	4	17270	1270	5567	10173	41918	5813070986	1.101755e-02	0.000000e+00	0.000000e+00	0	0	0.745442
1	1.963529	262146	262141	5	15560	55	5416	9775	39898	5343762324	1.151811e-02	0.000000e+00	0.000000e+00	0	0	0.697823
1	2.065015	262146	262142	4	16813	59	6152	10373	42836	6248670456	1.097414e-02	0.000000e+00	0.000000e+00	0	0	0.775889
1	1.921088	262146	262142	4	15690	51	5603	9841	40520	5395197684	1.096718e-02	0.000000e+00	0.000000e+00	0	0	0.720104
1	1.965014	262146	262142	4	15460	37	5295	9932	41044	5670902980	1.097209e-02	0.000000e+00	0.000000e+00	0	0	0.739983
1	2.090000	262146	262142	4	18049	1109	6295	10373	42730	6248711470	1.139415e-02	0.000000e+00	0.000000e+00	0	0	0.766619
1	2.044478	262146	262142	4	16761	57	6320	10163	41858	6025262938	1.126703e-02	0.000000e+00	0.000000e+00	0	0	0.755664
1	2.005241	262146	262142	4	16370	766	5404	10008	41096	5731307490	1.128592e-02	0.000000e+00	0.000000e+00	0	0	0.732863
1	2.101347	262146	262142	4	17942	56	7118	10575	43244	6274545416	1.128980e-02	0.000000e+00	0.000000e+00	0	0	0.765632
1	2.081247	262146	262142	4	17331	49	6618	10446	42948	6321532972	1.099072e-02	0.000000e+00	0.000000e+00	0	0	0.778815
1	2.127924	262146	262142	4	17459	79	6723	10492	43134	6412819556	1.146260e-02	0.000000e+00	0.000000e+00	0	0	0.772731
1	2.106647	262146	262139	7	18202	804	6731	10419	42788	6313376848	1.132996e-02	0.000000e+00	0.000000e+00	0	0	0.768432
1	2.025554	262146	262142	4	16226	197	5709	10137	41776	5931356914	1.121660e-02	0.000000e+00	0.000000e+00	0	0	0.750837
1	1.697782	262146	262132	14	20012	8357	4	0	0	0	1.151406e-02	0.000000e+00	0.000000e+00	524292	27787284	0.000000
1	1.341869	262146	262146	0	11031	216	1	0	0	0	1.144460e-02	0.000000e+00	0.000000e+00	524292	27787284	0.000000
1	1.291512	262146	262146	0	10890	218	3	0	0	0	1.100793e-02	0.000000e+00	0.000000e+00	524292	27787284	0.000000
1	1.251745	262146	262146	0	10975	273	1	0	0	0	1.099370e-02	0.000000e+00	0.000000e+00	524292	27787284	0.000000
4	0.583550	262155	237704	24451	553042	536	548889	3336	10028	1620366	7.340714e-03	0.000000e+00	0.000000e+00	524310	27787374	0.000178
4	0.593499	262155	225739	36416	823510	416	817211	5544	16774	2771030	6.779666e-03	0.000000e+00	0.000000e+00	524310	27787374	0.000299
4	0.555274	262155	239023	23132	525156	396	521105	3359	10594	1744992	6.853024e-03	0.000000e+00	0.000000e+00	524310	27787374	0.000201
8	0.509798	262167	127882	134285	2711584	294	2675145	35868	110295	17264012	7.081507e-03	0.000000e+00	0.000000e+00	524334	27787494	0.001085
8	0.498406	262167	127888	134279	2708438	256	2672422	35525	110464	16873818	6.652424e-03	0.000000e+00	0.000000e+00	524334	27787494	0.001085
8	0.500851	262167	128041	134126	2704302	311	2667533	36151	111238	17074050	6.670624e-03	0.000000e+00	0.000000e+00	524334	27787494	0.001093
1	1.701279	262146	262144	2	11134	805	1	0	0	0	1.118671e-02	0.000000e+00	0.000000e+00	524292	27787284	0.000000
1	1.294086	262146	262146	0	11803	761	6	0	0	0	1.100893e-02	0.000000e+00	0.000000e+00	524292	27787284	0.000000
1	1.261273	262146	262145	1	10751	218	4	0	0	0	1.098945e-02	0.000000e+00	0.000000e+00	524292	27787284	0.000000
4	0.588758	262155	235847	26308	591555	477	587243	3518	10714	1710688	7.324080e-03	0.000000e+00	0.000000e+00	524310	27787374	0.000186
4	0.555525	262155	238331	23824	537763	449	533498	3547	10482	1723728	6.799478e-03	0.000000e+00	0.000000e+00	524310	27787374	0.000199
4	0.570769	262155	232367	29788	657655	380	653352	3616	11372	1792138	6.801194e-03	0.000000e+00	0.000000e+00	524310	27787374	0.000201
8	0.511603	262167	128055	134112	2707864	308	2669603	37681	116108	18040050	7.099567e-03	0.000000e+00	0.000000e+00	524334	27787494	0.001130
8	0.503777	262167	127761	134406	2710846	269	2673315	36997	114334	17381528	6.671681e-03	0.000000e+00	0.000000e+00	524334	27787494	0.001106
8	0.503804	262167	127745	134422	2711897	247	2674070	37291	112819	17504262	6.647208e-03	0.000000e+00	0.000000e+00	524334	27787494	0.001114
1	1.328653	262146	262146	0	11536	233	3	0	0	0	1.132329e-02	0.000000e+00	0.000000e+00	524292	27787284	0.000000
1	1.294934	262146	262146	0	17676	5738	3	0	0	0	1.098789e-02	0.000000e+00	0.000000e+00	524292	27787284	0.000000
1	1.463099	262146	262143	3	16112	5305	3	0	0	0	1.108541e-02	0.000000e+00	0.000000e+00	524292	27787284	0.000000
4	0.586931	262155	236954	25201	575056	538	570431	3759	11756	2003138	7.370673e-03	0.000000e+00	0.000000e+00	524310	27787374	0.000219
4	0.563431	262155	236647	25508	571168	549	566572	3736	11460	1956206	6.808265e-03	0.000000e+00	0.000000e+00	524310	27787374	0.000223
4	0.575712	262155	231567	30588	687514	390	682568	4219	12870	2238616	6.814585e-03	0.000000e+00	0.000000e+00	524310	27787374	0.000249
8	0.511101	262167	128103	134064	2707099	247	2668959	37632	115898	17951848	7.046444e-03	0.000000e+00	0.000000e+00	524334	27787494	0.001126
8	0.496920	262167	127993	134174	2705569	414	2669004	35897	110428	16784086	6.612684e-03	0.000000e+00	0.000000e+00	524334	27787494	0.001083
8	0.501233	262167	128029	134138	2704414	263	2666717	37124	114504	17431292	6.669077e-03	0.000000e+00	0.000000e+00	524334	27787494	0.001115
1	1.325225	262146	262146	0	11756	310	0	0	0	0	1.137988e-02	0.000000e+00	0.000000e+00	524292	27787284	0.000000
1	1.287576	262146	262146	0	12366	261	1	0	0	0	1.104339e-02	0.000000e+00	0.000000e+00	524292	27787284	0.000000
1	1.287339	262146	262146	0	12821	1168	3	0	0	0	1.102912e-02	0.000000e+00	0.000000e+00	524292	27787284	0.000000
4	0.628127	262155	223024	39131	863783	271	858690	4521	13800	2352470	7.347748e-03	0.000000e+00	0.000000e+00	524310	27787374	0.000240
4	0.614731	262155	216094	46061	979189	241	974898	3726	11208	1938190	6.789086e-03	0.000000e+00	0.000000e+00	524310	27787374	0.000202
4	0.580677	262155	230759	31396	695048	268	690629	3893	12118	1945424	6.793889e-03	0.000000e+00	0.000000e+00	524310	27787374	0.000215
8	0.524711	262167	127836	134331	2712309	347	2674114	37512	115984	18221906	7.082177e-03	0.000000e+00	0.000000e+00	524334	27787494	0.001113
8	0.511683	262167	127831	134336	2708375	259	2670185	37677	116404	18135688	6.644637e-03	0.000000e+00	0.000000e+00	524334	27787494	0.001136
8	0.508799	262167	127630	134537	2713748	316	2676354	36767	113768	17995816	6.620911e-03	0.000000e+00	0.000000e+00	524334	27787494	0.001134
1	1.332183	262146	262146	0	11884	255	2	0	0	0	1.145144e-02	0.000000e+00	0.000000e+00	524292	27787284	0.000000
1	1.252729	262146	262144	2	19191	7248	2	0	0	0	1.102869e-02	0.000000e+00	0.000000e+00	524292	27787284	0.000000
1	1.291296	262146	262146	0	13662	2475	3	0	0	0	1.107953e-02	0.000000e+00	0.000000e+00	524292	27787284	0.000000
4	0.610644	262155	230889	31266	689435	258	685386	3477	11008	1824710	7.380093e-03	0.000000e+00	0.000000e+00	524310	27787374	0.000192
4	0.604346	262155	223069	39086	857791	269	852611	4539	13802	2335452	6.811593e-03	0.000000e+00	0.000000e+00	524310	27787374	0.000248
4	0.576498	262155	231105	31050	686010	337	681774	3564	11178	1797138	6.785308e-03	0.000000e+00	0.000000e+00	524310	27787374	0.000200
8	0.524046	262167	127804	134363	2711889	252	2673086	38276	117924	18165518	7.021868e-03	0.000000e+00	0.000000e+00	524334	27787494	0.001111
8	0.509397	262167	127625	134542	2713490	260	2677137	35779	110644	17195698	6.641277e-03	0.000000e+00	0.000000e+00	524334	27787494	0.001082
8	0.513701	262167	127577	134590	2713857	257	2676937	36341	113284	17560162	6.612172e-03	0.000000e+00	0.000000e+00	524334	27787494	0.001096
1	1.339174	262146	262146	0	11738	245	3	0	0	0	1.150616e-02	0.000000e+00	0.000000e+00	524292	27787284	0.000000
1	1.289580	262146	262146	0	11934	247	3	0	0	0	1.104440e-02	0.000000e+00	0.000000e+00	524292	27787284	0.000000
1	1.305061	262146	262145	1	14303	2602	0	0	0	0	1.107702e-02	0.000000e+00	0.000000e+00	524292	27787284	0.000000
4	0.618380	262155	225643	36512	796605	249	791838	4233	12554	1980124	7.371441e-03	0.000000e+00	0.000000e+00	524310	27787374	0.000205
4	0.580711	262155	230067	32088	707553	282	702927	4009	12436	1966336	6.793056e-03	0.000000e+00	0.000000e+00	524310	27787374	0.000217
4	0.580242	262155	231745	30410	680266	817	675373	3670	11300	1917508	6.826819e-03	0.000000e+00	0.000000e+00	524310	27787374	0.000212
8	0.523262	262167	127837	134330	2712335	282	2674759	36989	114974	17890558	7.057783e-03	0.000000e+00	0.000000e+00	524334	27787494	0.001096
8	0.507366	262167	127577	134590	2714894	257	2678228	36112	111672	16955668	6.542936e-03	0.000000e+00	0.000000e+00	524334	27787494	0.001071
8	0.515876	262167	127492	134675	2715432	257	2678193	36651	114242	18170328	6.705226e-03	0.000000e+00	0.000000e+00	524334	27787494	0.001129
1	1.291231	262146	262146	0	12350	244	7	0	0	0	1.107266e-02	0.000000e+00	0.000000e+00	524292	27787284	0.000000
1	1.321195	262146	262145	1	11220	267	1	0	0	0	1.108077e-02	0.000000e+00	0.000000e+00	524292	27787284	0.000000
1	1.264256	262146	262146	0	11845	270	1	0	0	0	1.107375e-02	0.000000e+00	0.000000e+00	524292	27787284	0.000000
4	0.617040	262155	227346	34809	770329	339	765292	4311	12948	2084754	7.349372e-03	0.000000e+00	0.000000e+00	524310	27787374	0.000217
4	0.629407	262155	211764	50391	1083315	288	1077646	5031	15422	2424416	6.819281e-03	0.000000e+00	0.000000e+00	524310	27787374	0.000247
4	0.583572	262155	229653	32502	724432	1259	718710	4169	12038	1991622	6.805827e-03	0.000000e+00	0.000000e+00	524310	27787374	0.000219
8	0.517691	262167	127867	134300	2711841	282	2674578	36713	114064	17537826	6.972433e-03	0.000000e+00	0.000000e+00	524334	27787494	0.001086
8	0.509061	262167	127536	134631	2714743	318	2677951	36210	111956	17362546	6.542267e-03	0.000000e+00	0.000000e+00	524334	27787494	0.001093
8	0.510142	262167	127622	134545	2712527	244	2675516	36490	112796	17265752	6.672399e-03	0.000000e+00	0.000000e+00	524334	27787494	0.001085
1	1.338091	262146	262146	0	12462	1092	2	0	0	0	1.147737e-02	0.000000e+00	0.000000e+00	524292	27787284	0.000000
1	1.250803	262146	262146	0	11118	218	2	0	0	0	1.109534e-02	0.000000e+00	0.000000e+00	524292	27787284	0.000000
1	1.296782	262146	262144	2	19945	8040	2	0	0	0	1.106727e-02	0.000000e+00	0.000000e+00	524292	27787284	0.000000
4	0.598719	262155	234241	27914	622570	476	618270	3482	11060	1861372	7.350195e-03	0.000000e+00	0.000000e+00	524310	27787374	0.000199
4	0.565119	262155	236189	25966	581482	409	577305	3432	10668	1697148	6.792514e-03	0.000000e+00	0.000000e+00	524310	27787374	0.000193
1	1.328855	262146	262144	2	12082	376	1	0	0	0	1.140856e-02	0.000000e+00	0.000000e+00	524292	27787284	0.000000
1	1.466909	262146	262145	1	11699	219	0	0	0	0	1.115064e-02	0.000000e+00	0.000000e+00	524292	27787284	0.000000
1	1.289596	262146	262146	0	11370	266	1	0	0	0	1.106597e-02	0.000000e+00	0.000000e+00	524292	27787284	0.000000
4	0.583228	262155	239269	22886	515904	290	512063	3240	9812	1647718	7.335242e-03	0.000000e+00	0.000000e+00	524310	27787374	0.000181
1	1.310654	262146	262146	0	13229	298	3	0	0	0	1.152732e-02	0.000000e+00	0.000000e+00	524292	27787284	0.000000
1	1.274229	262146	262146	0	13010	194	7	0	0	0	1.121996e-02	0.000000e+00	0.000000e+00	524292	27787284	0.000000
1	1.271542	262146	262145	1	13633	349	0	0	0	0	1.123343e-02	0.000000e+00	0.000000e+00	524292	27787284	0.000000
4	0.577996	262155	239139	23016	528428	1001	523263	3541	10788	1868564	7.399463e-03	0.000000e+00	0.000000e+00	524310	27787374	0.000207
4	0.576280	262155	231984	30171	689346	403	683155	4988	15184	2740654	6.858491e-03	0.000000e+00	0.000000e+00	524310	27787374	0.000305
4	0.548815	262155	242510	19645	451541	448	447227	3067	9560	1625004	6.900299e-03	0.000000e+00	0.000000e+00	524310	27787374	0.000190
8	0.507210	262167	127971	134196	2710232	312	2672487	37081	114594	18938914	7.064580e-03	0.000000e+00	0.000000e+00	524334	27787494	0.001197
8	0.493790	262167	128014	134153	2705759	347	2669289	35763	109578	16716906	6.577888e-03	0.000000e+00	0.000000e+00	524334	27787494	0.001085
8	0.495563	262167	127910	134257	2708607	309	2672531	35473	109510	16573576	6.570246e-03	0.000000e+00	0.000000e+00	524334	27787494	0.001072
1	1.297525	262146	262145	1	13770	1513	6	0	0	0	1.107804e-02	0.000000e+00	0.000000e+00	524292	27787284	0.000000
1	1.447644	262146	262143	3	15048	2841	3	0	0	0	1.109394e-02	0.000000e+00	0.000000e+00	524292	27787284	0.000000
1	1.486191	262146	262144	2	15616	2898	3	0	0	0	1.139321e-02	0.000000e+00	0.000000e+00	524292	27787284	0.000000
1	1.403901	262146	262144	2	18846	6251	0	0	0	0	1.109757e-02	0.000000e+00	0.000000e+00	524292	27787284	0.000000
1	1.321591	262146	262144	2	13793	2567	3	0	0	0	1.106544e-02	0.000000e+00	0.000000e+00	524292	27787284	0.000000
1	1.290949	262146	262140	6	11588	429	5	0	0	0	1.107370e-02	0.000000e+00	0.000000e+00	524292	27787284	0.000000
1	1.290595	262146	262146	0	11905	200	2	0	0	0	1.110390e-02	0.000000e+00	0.000000e+00	524292	27787284	0.000000
4	0.589112	262155	237413	24742	562481	429	558160	3587	10868	1791668	7.368138e-03	0.000000e+00	0.000000e+00	524310	27787374	0.000195
4	0.569500	262155	233973	28182	625564	321	621297	3590	11105	1790738	6.809141e-03	0.000000e+00	0.000000e+00	524310	27787374	0.000202
4	0.595550	262155	225982	36173	782416	310	777770	3980	12384	2009026	6.803163e-03	0.000000e+00	0.000000e+00	524310	27787374	0.000216
8	0.520400	262167	127856	134311	2711621	216	2674137	36987	114378	17637098	7.009988e-03	0.000000e+00	0.000000e+00	524334	27787494	0.001086
8	0.511219	262167	127654	134513	2711933	309	2675737	35609	110710	17435316	6.613523e-03	0.000000e+00	0.000000e+00	524334	27787494	0.001093
8	0.510668	262167	127445	134722	2716499	255	2678925	37016	115026	17650670	6.619453e-03	0.000000e+00	0.000000e+00	524334	27787494	0.001108
