 1402879.564180
 1402879.598882
 1402879.638792
 1402879.670280
 1402879.710299
 1402879.737424
 1402879.766280
 1402879.793606
 1402879.821977
 1402879.868797
 1402879.900633
 1402879.929058
 1402879.958332
 1402879.987596
 1402880.018864
 1402880.048349
 1402880.078558
 1402880.112147
 1402880.160133
 1402880.203641
 1402880.244163
 1402880.274158
 1402880.306403
 1402880.336349
 1402880.368289
 1402880.402291
 1402880.434649
 1402880.467450
 1402880.498791
 1402880.527500
 1402880.537807
 1402880.545005
 1402880.551765
 1402880.558461
 1402880.565255
 1402880.571890
 1402880.578715
 1402880.586768
 1402880.594807
 1402880.602457
 1402880.609556
 1402880.616382
 1402880.623098
 1402880.630005
 1402880.636779
 1402880.643753
 1402880.650701
