 1402460.318016
 1402460.382914
 1402460.435734
 1402460.489024
 1402460.541154
 1402460.591010
 1402460.642832
 1402460.696279
 1402460.748540
 1402460.799511
 1402460.852176
 1402460.903407
 1402460.955167
 1402461.008331
 1402461.061430
 1402461.113627
 1402461.166507
 1402461.217560
 1402461.270474
 1402461.323601
 1402461.376637
 1402461.430021
 1402461.484123
 1402461.536378
 1402461.589574
 1402461.642227
 1402461.694078
 1402461.747542
 1402461.800571
 1402461.855273
 1402461.909207
 1402461.964472
 1402462.016521
 1402462.070331
 1402462.124546
 1402462.178416
 1402462.233545
 1402462.287701
 1402462.343609
 1402462.397958
 1402462.453248
 1402462.508106
 1402462.563848
 1402462.617340
 1402462.672871
 1402462.728816
 1402462.785648
 1402462.841670
 1402462.898042
 1402462.955815
 1402463.010834
 1402463.065850
 1402463.122299
 1402463.180544
 1402463.236068
 1402463.293686
 1402463.351153
 1402463.408291
 1402463.465451
 1402463.520264
 1402463.578177
 1402463.636207
 1402463.692057
 1402463.750996
 1402463.806794
 1402463.864174
 1402463.922210
 1402463.978612
 1402464.038256
 1402464.097270
 1402464.155722
 1402464.214694
 1402464.273101
 1402464.331653
 1402464.389314
 1402464.448969
 1402464.508631
 1402464.566250
 1402464.626414
 1402464.685919
 1402464.744351
 1402464.803121
 1402464.865345
 1402464.925719
 1402464.986560
 1402465.046328
 1402465.106955
 1402465.168101
 1402465.229855
 1402465.291546
 1402465.351959
 1402465.413164
 1402465.473942
 1402465.535982
 1402465.597720
 1402465.661366
 1402465.721696
 1402465.784287
 1402465.845356
 1402465.907892
 1402465.970473
 1402466.030523
 1402466.094012
 1402466.157759
 1402466.214567
 1402466.256434
 1402466.330410
 1402466.375613
 1402466.420872
 1402466.690645
 1402466.900125
 1402467.024776
 1402467.105092
 1402467.199650
 1402467.243087
 1402467.284133
 1402467.505922
 1402467.650753
 1402467.753320
 1402467.792281
 1402467.970656
 1402468.158994
 1402468.531456
 1402468.758667
 1402468.883618
 1402468.927515
 1402468.975313
 1402469.016953
 1402469.045848
 1402469.114177
 1402469.211412
 1402469.372115
 1402469.631047
 1402469.786747
 1402470.057136
 1402470.114617
 1402470.203692
 1402470.491224
 1402470.682941
 1402470.760550
 1402470.913802
 1402471.306207
 1402471.517642
 1402471.579317
 1402471.606646
 1402471.634370
 1402471.682573
 1402471.751115
 1402471.823496
 1402472.008205
 1402472.513951
 1402472.791984
 1402472.946968
 1402473.019356
 1402473.175010
 1402473.286169
 1402473.392593
 1402473.763564
 1402474.107762
 1402474.521461
 1402474.745332
 1402475.160026
 1402475.188235
 1402475.214287
 1402475.244463
 1402475.272188
 1402475.304777
 1402475.336204
 1402475.367386
 1402475.400209
 1402475.431717
 1402475.459467
 1402475.490018
 1402475.521288
 1402475.553889
 1402475.584319
 1402475.614585
 1402475.645344
 1402475.675109
 1402475.712684
 1402475.750375
 1402475.784467
 1402475.812386
 1402475.842202
 1402475.873705
 1402475.904915
 1402476.020730
 1402476.051195
 1402476.121170
 1402476.260581
 1402476.304984
